,id,year,rank,overall_pick,team,player,college,years_active,games,minutes_played,points,total_rebounds,assists,field_goal_percentage,3_point_percentage,free_throw_percentage,average_minutes_played,points_per_game,average_total_rebounds,average_assists,win_shares,win_shares_per_48_minutes,box_plus_minus,value_over_replacement,college_rank
1682,1683,2018,1,1,PHO,Deandre Ayton,Arizona,4.0,236.0,7247.0,3843.0,2485.0,380.0,0.599,0.25,0.754,30.7,16.3,10.5,1.6,24.6,0.163,1.1,5.7,3
498,499,1998,2,2,VAN,Mike Bibby,Arizona,14.0,1001.0,33962.0,14698.0,3103.0,5517.0,0.436,0.379,0.802,33.9,14.7,3.1,5.5,73.2,0.104,0.8,23.8,3
1263,1264,2011,2,2,MIN,Derrick Williams,Arizona,7.0,428.0,8864.0,3809.0,1693.0,293.0,0.434,0.3,0.71,20.7,8.9,4.0,0.7,14.1,0.076,-1.6,0.8,3
2,3,1989,3,3,SAS,Sean Elliott,Arizona,12.0,742.0,24502.0,10544.0,3204.0,1897.0,0.465,0.375,0.799,33.0,14.2,4.3,2.6,55.7,0.109,0.2,13.5,3
1445,1446,2014,4,4,ORL,Aaron Gordon,Arizona,8.0,528.0,15277.0,6887.0,3310.0,1313.0,0.46,0.323,0.702,28.9,13.0,6.3,2.5,28.8,0.09,-0.1,7.3,3
330,331,1995,7,7,TOR,Damon Stoudamire,Arizona,13.0,878.0,29106.0,11763.0,3039.0,5371.0,0.406,0.357,0.833,33.2,13.4,3.5,6.1,55.4,0.091,0.3,16.8,3
1628,1629,2017,7,7,MIN,Lauri Markkanen,Arizona,5.0,282.0,8389.0,4339.0,1904.0,354.0,0.441,0.364,0.85,29.7,15.4,6.8,1.3,16.6,0.095,-0.1,4.0,3
909,910,2005,8,8,NYK,Channing Frye,Arizona,13.0,890.0,19772.0,7786.0,4002.0,864.0,0.44,0.388,0.822,22.2,8.7,4.5,1.0,38.9,0.094,-0.4,8.0,3
1149,1150,2009,8,8,NYK,Jordan Hill,Arizona,8.0,409.0,7692.0,3232.0,2389.0,322.0,0.497,0.136,0.699,18.8,7.9,5.8,0.8,16.4,0.102,-2.0,0.0,3
1509,1510,2015,8,8,DET,Stanley Johnson,Arizona,7.0,419.0,8410.0,2632.0,1309.0,612.0,0.384,0.3,0.754,20.1,6.3,3.1,1.5,6.2,0.035,-2.8,-1.7,3
851,852,2004,9,9,PHI,Andre Iguodala,Arizona,18.0,1223.0,39394.0,13951.0,6030.0,5128.0,0.463,0.33,0.709,32.2,11.4,4.9,4.2,100.3,0.122,2.2,41.3,3
564,565,1999,10,10,ATL,Jason Terry,Arizona,19.0,1410.0,42034.0,18881.0,3274.0,5415.0,0.444,0.38,0.845,29.8,13.4,2.3,3.8,102.0,0.116,1.5,37.4,3
117,118,1991,10,10,ORL,Bison Dele,Arizona,8.0,413.0,10004.0,4536.0,2564.0,440.0,0.528,0.143,0.691,24.2,11.0,6.2,1.1,22.8,0.109,-0.6,3.4,3
1092,1093,2008,11,11,IND,Jerryd Bayless,Arizona,11.0,586.0,12486.0,4909.0,1235.0,1674.0,0.411,0.361,0.818,21.3,8.4,2.1,2.9,18.6,0.072,-1.6,1.1,3
281,282,1994,12,12,MIA,Khalid Reeves,Arizona,6.0,277.0,5837.0,2167.0,580.0,886.0,0.416,0.363,0.744,21.1,7.8,2.1,3.2,8.4,0.069,-1.3,1.0,3
683,684,2001,13,13,HOU,Richard Jefferson,Arizona,17.0,1181.0,34293.0,14904.0,4720.0,2412.0,0.464,0.376,0.768,29.0,12.6,4.0,2.0,83.0,0.116,0.2,19.4,3
510,511,1998,14,14,HOU,Michael Dickerson,Arizona,5.0,212.0,7490.0,3257.0,609.0,553.0,0.432,0.402,0.784,35.3,15.4,2.9,2.6,9.6,0.061,-1.3,1.3,3
1819,1820,2020,18,18,DAL,Josh Green,Arizona,2.0,106.0,1484.0,420.0,239.0,107.0,0.493,0.311,0.647,14.0,4.0,2.3,1.0,2.9,0.093,-1.8,0.1,3
1823,1824,2020,22,22,DEN,Zeke Nnaji,Arizona,2.0,83.0,1095.0,406.0,212.0,27.0,0.503,0.439,0.663,13.2,4.9,2.6,0.3,2.7,0.116,-2.1,0.0,3
237,238,1993,22,22,CLE,Chris Mills,Arizona,10.0,568.0,17282.0,6357.0,2808.0,1063.0,0.432,0.351,0.817,30.4,11.2,4.9,1.9,37.7,0.105,-0.5,6.8,3
1524,1525,2015,23,23,POR,Rondae Hollis-Jefferson,Arizona,6.0,305.0,6759.0,2760.0,1684.0,579.0,0.449,0.212,0.735,22.2,9.0,5.5,1.9,12.9,0.091,-0.7,2.3,3
1404,1405,2013,23,23,IND,Solomon Hill,Arizona,9.0,448.0,9652.0,2453.0,1399.0,662.0,0.388,0.331,0.797,21.5,5.5,3.1,1.5,11.9,0.059,-2.1,-0.3,3
23,24,1989,24,24,PHO,Anthony Cook,Arizona,4.0,116.0,1499.0,418.0,428.0,34.0,0.439,0.0,0.524,12.9,3.6,3.7,0.3,1.0,0.033,-3.7,-0.7,3
191,192,1992,30,30,DAL,Sean Rooks,Arizona,12.0,749.0,13560.0,4676.0,2877.0,631.0,0.459,0.091,0.699,18.1,6.2,3.8,0.8,16.2,0.057,-2.9,-3.1,3
932,933,2005,31,31,ATL,Salim Stoudamire,Arizona,3.0,157.0,2672.0,1260.0,214.0,164.0,0.407,0.366,0.882,17.0,8.0,1.4,1.0,2.2,0.04,-2.9,-0.6,3
700,701,2001,31,31,GSW,Gilbert Arenas,Arizona,11.0,552.0,19351.0,11402.0,2168.0,2909.0,0.421,0.351,0.803,35.1,20.7,3.9,5.3,51.3,0.127,2.6,22.3,3
816,817,2003,32,32,LAL,Luke Walton,Arizona,10.0,564.0,9685.0,2649.0,1588.0,1317.0,0.429,0.326,0.715,17.2,4.7,2.8,2.3,13.5,0.067,-1.0,2.5,3
1054,1055,2007,33,33,SAS,Marcus Williams,Arizona,2.0,13.0,39.0,14.0,12.0,3.0,0.318,,,3.0,1.1,0.9,0.2,-0.1,-0.084,-5.4,0.0,3
416,417,1996,35,35,SEA,Joseph Blair,Arizona,,,,,,,,,,,,,,,,,,3
250,251,1993,35,35,MIA,Ed Stokes,Arizona,1.0,4.0,17.0,3.0,4.0,1.0,0.333,,0.5,4.3,0.8,1.0,0.3,0.0,-0.077,-7.6,0.0,3
91,92,1990,38,38,SEA,Jud Buechler,Arizona,12.0,720.0,8444.0,2385.0,1266.0,560.0,0.433,0.366,0.633,11.7,3.3,1.8,0.8,16.5,0.094,-0.1,4.0,3
708,709,2001,39,39,NYK,Michael Wright,Arizona,,,,,,,,,,,,,,,,,,3
593,594,1999,39,39,CLE,A.J. Bramlett,Arizona,1.0,8.0,61.0,8.0,22.0,0.0,0.19,,,7.6,1.0,2.8,0.0,-0.2,-0.129,-15.9,-0.2,3
1421,1422,2013,40,40,POR,Grant Jerrett,Arizona,1.0,8.0,51.0,16.0,9.0,3.0,0.269,0.067,1.0,6.4,2.0,1.1,0.4,-0.1,-0.128,-10.8,-0.1,3
538,539,1998,42,42,ORL,Miles Simon,Arizona,1.0,5.0,19.0,2.0,2.0,0.0,0.2,0.0,,3.8,0.4,0.4,0.0,-0.1,-0.289,-17.4,-0.1,3
1483,1484,2014,42,42,HOU,Nick Johnson,Arizona,1.0,28.0,262.0,74.0,39.0,11.0,0.347,0.238,0.68,9.4,2.6,1.4,0.4,-0.1,-0.02,-6.5,-0.3,3
424,425,1996,43,43,PHO,Ben Davis,Arizona,4.0,40.0,154.0,54.0,53.0,5.0,0.356,,0.462,3.9,1.4,1.3,0.1,0.1,0.04,-5.5,-0.1,3
1185,1186,2009,44,44,DET,Chase Budinger,Arizona,7.0,407.0,7998.0,3198.0,1240.0,473.0,0.43,0.352,0.797,19.7,7.9,3.0,1.2,13.9,0.083,-0.5,2.9,3
715,716,2001,46,46,MIN,Loren Woods,Arizona,6.0,215.0,2428.0,555.0,682.0,74.0,0.419,0.143,0.642,11.3,2.6,3.2,0.3,3.1,0.062,-2.5,-0.3,3
1849,1850,2020,48,48,GSW,Nico Mannion,Arizona,1.0,30.0,364.0,123.0,46.0,70.0,0.342,0.367,0.821,12.1,4.1,1.5,2.3,0.2,0.029,-3.9,-0.2,3
1674,1675,2017,53,53,BOS,Kadeem Allen,Arizona,3.0,47.0,640.0,258.0,71.0,109.0,0.435,0.349,0.757,13.6,5.5,1.5,2.3,1.0,0.075,-1.2,0.1,3
1015,1016,2006,54,54,NJN,Hassan Adams,Arizona,2.0,73.0,547.0,185.0,84.0,14.0,0.534,0.0,0.643,7.5,2.5,1.2,0.2,0.8,0.072,-2.3,0.0,3
437,438,1996,56,56,CLE,Reggie Geary,Arizona,2.0,101.0,931.0,209.0,82.0,110.0,0.344,0.328,0.493,9.2,2.1,0.8,1.1,0.6,0.032,-2.5,-0.1,3
